A = matrix(c(1,0.89,0.879,-0.812,1,0.618,0.615,0.734,0.734,0.822,0.734,0.615,0.719,-0.795,0.734,0.785,0.891,0.718,-0.84,0.52,-0.675,0.891,0.89,1,0.691,-0.963,0.824,0.661,0.659,0.614,0.557,0.635,0.614,0.659,0.813,-0.962,0.557,0.605,1,0.763,-0.986,0.628,-0.808,1,0.879,0.691,1,-0.6,0.885,0.732,0.73,0.838,0.847,0.942,0.838,0.73,0.832,-0.591,0.847,0.901,0.694,0.719,-0.637,0.391,-0.813,0.694,-0.812,-0.963,-0.6,1,-0.708,-0.632,-0.643,-0.586,-0.498,-0.498,-0.586,-0.643,-0.598,0.827,-0.498,-0.613,-0.964,-0.708,0.944,-0.657,0.772,-0.964,1,0.824,0.885,-0.708,1,0.639,0.636,0.734,0.748,0.832,0.734,0.636,0.734,-0.696,0.748,0.797,0.825,0.735,-0.739,0.468,-0.675,0.825,0.618,0.661,0.732,-0.632,0.639,1,1,0.89,0.896,0.892,0.89,1,0.798,-0.693,0.896,0.838,0.664,1,-0.71,0.297,-0.913,0.664,0.615,0.659,0.73,-0.643,0.636,1,1,0.889,0.895,0.892,0.889,1,0.797,-0.705,0.895,0.837,0.662,1,-0.722,0.292,-0.927,0.662,0.734,0.614,0.838,-0.586,0.734,0.89,0.889,1,1,1,1,0.889,0.679,-0.65,1,0.944,0.618,0.885,-0.667,0.243,-0.771,0.618,0.734,0.557,0.847,-0.498,0.748,0.896,0.895,1,1,1,1,0.895,0.696,-0.558,1,0.947,0.561,0.891,-0.573,0.199,-0.771,0.561,0.822,0.635,0.942,-0.498,0.832,0.892,0.892,1,1,1,1,0.892,0.778,-0.614,1,0.945,0.639,0.887,-0.63,0.258,-0.837,0.639,0.734,0.614,0.838,-0.586,0.734,0.89,0.889,1,1,1,1,0.889,0.679,-0.65,1,0.944,0.618,0.885,-0.667,0.243,-0.771,0.618,0.615,0.659,0.73,-0.643,0.636,1,1,0.889,0.895,0.892,0.889,1,0.797,-0.705,0.895,0.837,0.662,1,-0.722,0.292,-0.927,0.662,0.719,0.813,0.832,-0.598,0.734,0.798,0.797,0.679,0.696,0.778,0.679,0.797,1,-0.764,0.696,0.744,0.762,0.789,-0.633,0.402,-0.796,0.762,-0.795,-0.962,-0.591,0.827,-0.696,-0.693,-0.705,-0.65,-0.558,-0.614,-0.65,-0.705,-0.764,1,-0.558,-0.528,-0.943,-0.773,0.944,-0.491,0.827,-0.943,0.734,0.557,0.847,-0.498,0.748,0.896,0.895,1,1,1,1,0.895,0.696,-0.558,1,0.947,0.561,0.891,-0.573,0.199,-0.771,0.561,0.785,0.605,0.901,-0.613,0.797,0.838,0.837,0.944,0.947,0.945,0.944,0.837,0.744,-0.528,0.947,1,0.609,0.831,-0.573,0.241,-0.744,0.609,0.891,1,0.694,-0.964,0.825,0.664,0.662,0.618,0.561,0.639,0.618,0.662,0.762,-0.943,0.561,0.609,1,0.765,-0.986,0.632,-0.814,1,0.718,0.763,0.719,-0.708,0.735,1,1,0.885,0.891,0.887,0.885,1,0.789,-0.773,0.891,0.831,0.765,1,-0.791,0.375,-0.908,0.765,-0.84,-0.986,-0.637,0.944,-0.739,-0.71,-0.722,-0.667,-0.573,-0.63,-0.667,-0.722,-0.633,0.944,-0.573,-0.573,-0.986,-0.791,1,-0.535,0.89,-0.986,0.52,0.628,0.391,-0.657,0.468,0.297,0.292,0.243,0.199,0.258,0.243,0.292,0.402,-0.491,0.199,0.241,0.632,0.375,-0.535,1,-0.367,0.632,-0.675,-0.808,-0.813,0.772,-0.675,-0.913,-0.927,-0.771,-0.771,-0.837,-0.771,-0.927,-0.796,0.827,-0.771,-0.744,-0.814,-0.908,0.89,-0.367,1,-0.814,0.891,1,0.694,-0.964,0.825,0.664,0.662,0.618,0.561,0.639,0.618,0.662,0.762,-0.943,0.561,0.609,1,0.765,-0.986,0.632,-0.814,1),nrow=22); B = 1-A; CB = cmdscale(B,k=4,eig=TRUE); write.table(CB$points[,1:4]); write.table(CB$GOF);